-6440908222260131986
3233954157131732609
-5962473881645596405
-4722029788981118924
5379335823644204275
5363567195502662626
-4846874093286567612
-3566303786288446268
-7151734697082016830
-2565178256938671576
6004007468185410831
7577990236175310797
-1140602406251756774
-7756301601169383568
2306040732538693333
-2867621459892303962
-1561832730515578582
-1761847682025344020
3355728306157165359
4487148411093455356
7522017158243130775
3666384250549059681
-111746967818017941
-1226926452502068659
8199681953682187258
-4767586794338526038
-2444387981290518514
7451551262395002990
-3385530577106944416
514625884825139
677748434685829965
-8855770964770193658
-1702473211248054328
-8986426168988230018
-8478091997287341166
-5520878191215386096
-7151269319782883671
4249765668650326433
2465096212427316733
-1606450137408293539
-4863177906898219159
3335592149628583110
-7816177261784321824
9183304604720964367
2082309664573206246
-2085805676116456277
8914281138545505858
871140227327973920
-4262362308988818191
833932442852166688
-8324790911711607203
-4252169419886603047
-2311295727505742129
-7425590914440729973
6703715944757856801
863779951786749787
-2253705292053225033
8743080563831358055
4283944780599532975
3214798788307471897
3324432369927591254
-583708152990799936
6817652883671499486
-7515280620016724900
-924482590563121587
-1548589813590243656
-7368099574743391303
5157468695277136574
3263365961061314738
-7539186614295539194
4215481474945803518
6423433198692128175
-2202087472035134837
-8994821184518864526
787429041555687585
5810136286538226676
8376594388808377942
2768659116549906522
-8580753093904949177
-956910170851640030
9082195472427867524
-2371620803171406799
4967256134627659724
1534508779326699559
1705173794040031993
5885721842302354170
150712833230806973
5561221678222598594
-8553939703233213042
-3214075969695538735
-6779484955043061794
-1697022506270946554
8693640152618961552
7276967223377933154
2187025701033728422
3983331599290480603
3486390173813213246
4355375229838405232
-3110636555613334850
-4657031058406759043
6808271112681322574
-2761899239567211440
3277813809687814022
-7464730793023217413
-5478012786095762840
2936209977118203755
4166487480667227536
-2727806911011263047
2618322267878547113
4788473266644414912
4495453627978100259
-5258098507299603473
2254748096442912802
-1000608307697265825
4276135358053296313
-7460914877330329817
287595132325375831
5045001986983096559
8064011960196070785
6059193322375738563
4087139909960275137
1576354173949282857
-8858105332500492322
6615119712407186036
-4136250353197567156
-7409107346233638822
-8930358562489593626
-7187780025346370364
1511089746730005210
-2500645650093787931
-176213585867177501
-7490774581268437619
7237251669555010237
3009055761382635455
-3572178166969497898
3463087427349058176
-742115870421119935
2816835018818766321
-4635482009220380433
8315743698213714848
6679579210300394784
-1510995228835899366
-2967564391125669610
-4324179495901158972
6678962137761620492
-2082036115656408854
-8301254543145827738
-7579069742399197928
-3583121271532291800
-803688141716628568
5280091525187419308
1827888886430040988
8971731243735409807
1234059092956990125
8127630285356035820
1131184848073125796
-7308397097432849204
-1844844446920473113
884336282504843740
5851130111045801558
8050173786789577568
6040719119057975639
-8018503948274285976
7210450512798858799
1970996575918849344
-4783824491006774381
-7624156472426654676
-2745584959500065410
-2335975315784155820
7558251129899066437
6725773045101409277
4186131833369716968
3786007188375348985
-7768553907574429014
-2659223033476605343
8709300549719718370
236404444456235136
1671540371444036627
-6747075088100684271
3749691087910135098
-3810629571709940307
-915749109355140505
7762371896807044734
3531832561790003599
2353571948727413304
7222885945167803040
3134727718558105162
-2194886714433905196
-1587389191447923632
-5847437849588417719
-7004278932783348278
514182546701084625
-612970579126159597
2422317521540176647
-559961272077523573
-1776394975683607902
2147103688053409046
8757743836374531853
-2482562960386195254
-1931996717845768906
-4594983904754257181
2572987135611333030
3988588790551881722
-4726582803884255023
-3386760556764667530
-6747150990240874321
7821923512914758466
2122838806610726794
-6390445755868505920
-5587918109127365607
-8982787196345156355
-6099983237071795506
-5720768099374878171
-5986460112187227028
5317437183790744632
5666007400949662171
-1299847145761975555
381711838807511359
1757775040838975287
-3504386332642363322
7149543131405907734
-5385276118510282815
-502490858276399632
-6217008416071388042
1836728314963249968
-2646408997612488397
-192959820737495922
8322919703168763430
1941559147955771264
-3427205828853554836
6295677474649277935
-2671177185180508953
-2727036483629024722
-9207918175144213164
6351351104688195111
-1204250167254798693
-3791954619808304682
-2692154522180898455
-3516598920639003397
1611705641384078843
-7890707340864833525
-3450462823695456195
7456248238378434663
-3761564918751211245
905995183884823504
7207267688028328181
-8843336818762907879
697158139101865921
-6326870999867519971
694209254397015500
-2760177231760887053
295612471530406457
-860483529721298336
-5970611000900808050
6353113239630883724
-5509458650597611645
539126997296610553
-9170575101010496739
8851447959044872368
-8928546376994055173
7842134946102122940
-2014336370983198224
-3824860279029883684
7068697721597310929
-9079531806274985869
-9046283897965074801
8235962912868184003
5094430550178712967
-2925582555764535974
1368798560925029400
3746184286149660875
6428919514205544566
-992433529706796127
-370207603703896131
-8556328999810266735
-5439013944792028343
-373172995462529042
8202871186031490884
-3930468667957231519
-2183219960456350081
5507393034615440088
-5903655073448644731
3668902682659068606
2579901500493692653
-8087099595301360787
793180640276734704
7168625029902446560
-4443020016588248006
437605837953059245
1547661242831022084
5725763214356155185
-7287524110271424670
-1253503773946859252
-1932416177741445159
1014543544642305743
7198161042878751028
8992287910601224948
3610042980925062295
-2103282205322197490
3880889516752165076
-6235167854722045631
2490895334669205501
-4390665730302216205
2373628318077022777
5034993740537123011
-1941973122270909989
4044613337570199993
-3390017755155247952
1974199436389135295
-4119501949164282216
-1918579773768097456
-9034438441071081129
-8125373914523589522
-6977226803177779796
3105768155346761689
-2888784549975281245
3850189301992097661
1489044553742352423
6237248467064785963
7730588073341480411
-364226367857217908
8704577126286833449
-8072832984253897390
6631140111421934490
1352459029342978735
-5475857454262216088
4583644052795106570
8070460839222694993
-7045501329057480976
192447727593125549
-912396230531405240
-3351393152548981822
2083197115777415882
1288925802730425431
-1872516435084442702
-2162079205850075514
936899613346448560
6987010865240862166
3081508220768399905
1521990639040702600
-3975217845711270780
-6130664849709355471
2743779735927864102
5256489296795696008
-7280536451764183520
-9115548987496243327
8003785039517387651
-7242004515073827430
3903816100560071633
3562359188915118452
7748675078612396462
5706712716630431652
4259346380482734294
9082513625663864779
-469899536199042991
-1551458500362597405
4139237452317996005
-4592544859640012581
4712504741011540172
6976787762758552678
-6423264292370771545
8922214301168026640
6660828616189312434
-4750024890833600110
-7334236223630624968
-8420996249110638490
-3307665955447997112
9125091762590900380
-5358961920847321944
-7416631132816624914
1246465041357845513
8780988712169796114
-8186258898348224644
-4774609320472031921
-1091217303191001308
435686353443252307
1006185753789193517
-5055084811761896382
-886700053751490820
-4069649313234237934
-4941139418622055001
8821755483822079509
-8836598780320370265
7985596097723339991
-7410520136650132020
4962214371596984617
-6649933584089737872
-8932307737156686979
5087585256839096815
2993277858142528117
8265480325511340886
4593420899283518645
7091239023192176729
2418693102092342272
564007524736737674
6638103806102513026
-4805577259781352504
-8474538236330794134
5946537528542834165
-4960638899719564356
-3856488368994857493
-8627030198871492508
7464402476846121135
-5110281634284839795
-2426253164597542425
3954682750470660915
-7097361151930876279
315865677724330742
4097791391952916181
8468013491763206961
-2875096811012875388
-2372294465998197173
-8275020740311244223
-8448377344671576756
1879195742226353496
-4678806561682353997
-5511747340187069779
-3353149822399382906
-919953968849924626
6757230369570979241
8671391348076022284
2269807199543567987
-6166602561174000154
7593815569036310654
431025721482133575
-7166660535219153474
1342524879867000594
3773565772320916180
4307500383117739452
5612455982819105956
-3264690172521996551
-998536391052815580
7006376913968192953
-5609669850889257609
-8685388564390213291
5333190310169434937
585668907596671237
7361137680235304732
-8029637356235056491
5460540442449698483
-7146731291692294056
-969422337432689779
-8649574979557500324
1991621540439103878
1740021261837852383
-8083235488744372647
6701580777040176640
-197626348027742600
-9031605546735158087
-1955526242463929569
-3769071524772613364
-4599929703992994394
9014217142258645372
-9068346577993796586
8164629848056897982
-1021111043396738305
-3580019454390683984
2468229713942853768
1126373595885805450
-6623450043371340601
802705909703426642
-8772743136176106669
-6309572518158755435
628019693385837078
-3979807632445394605
1960399855886483815
-362043419057946822
-7100542556907527849
7981188496264792599
8346406511574274122
-7667772993644817271
2713640880856030921
-6216703119847833865
573990957421501591
2142826503731238083
4130072679172426497
-5461413860690806593
-7382187192708194182
-6266328532305828641
-4368378865602072218
2842141106536624432
1521928211386569270
151067321891640841
7161412742720964276
-3895735920821445249
-4461243971346083169
8953442634931042333
5252712176117940090
-2446064206527108908
2112775041446980512
-8537599199267161040
-3943020111515437412
-4101491538655592755
-4124077384699093321
-7041530267884378360
-6716479069194165295
8605460343497434616
-9141686169097895052
1054602841972757407
-7346532435147840986
-76623308497212836
6981135335985362430
8745391281519691172
-2212438813780294023
-4862831081839470607
-1293487139036457587
353823757512494073
-8999849083079506434
3059476295539049763
3072511528697533169
3090725411987649334
-2570391530046821186
-485664989172994733
2710673807496646410
1083570375581042725
833558888113234963
3514515254366231382
53264852104825165
7387927652020169284
2189191653921229102
6627157604159497204
1566074039608090182
-4241760447547789754
-5837170035552087151
6320223991641550954
3862753508609889808
-4778788963453136750
-7542974609387189355
4124594206099200233
-3238706079389629729
-6652155114171123774
6374696973168251110
-1920576791037980908
5134665727211958134
-2003249191122925786
-2877339803041828606
6728609120688265350
5084730522813570481
-2576105077335015105
2242689980399848893
8903906418867198282
634734524526974205
-3794318506138158524
-2869241557284219969
-3145347830246166943
-6969187444710817573
68995929362389664
7280548070435389700
-5286133562551838656
8115315725293526881
-6051303993427824271
-8768866793006597285
-3369713940105890481
-2803001370060783688
-4342537858503354613
-5079407722010020120
-2895699990284792725
8942361044233998495
6434211379384344436
-6589693260322394973
-7046523454464317596
-1601947880452309274
4779158235758337253
2286934424925364439
-8868901441066418816
-2730322922414873612
8368401297933824591
-5641551847227950685
-4753931989862879754
7279487693929104450
-7489979479865985581
-7285609660015286916
-1873904289955640716
5552397711676743134
6447545810395210569
-2275787572986818135
-6339181321824636518
-6279712947723139351
-5880497226001260870
2346576288484044998
-6202383953245587075
-749972317707871207
-2053534821405210906
6714015858934026562
-4059574288905360859
-2097057680872276168
-8846372105860065345
5953708967114916833
-4965017023685162994
-650297196526082653
6283604481268866284
7224665653354680890
-6302737249125257557
-9222679522121517365
7781215997257528391
-6813272458825677511
-5975889244804416802
2742003148530563767
1673396008431804512
-1690052468191872097
8642144068866475394
-2959523988340877183
-1987913859702297865
-5220464642138943363
3188801999696637410
-5483639364950072107
-796441543873063035
-3733747376429936195
4967233558995661886
2242044848883007605
2898174395412145588
5737029644965168793
-531287728202374067
366650676724287159
4097379508634412003
-1425756874883611102
-6344518560333279306
340022231909108741
-8470959243613122141
-3034053350493839942
3778486942984444054
2782035502117055580
-4958451663155326404
-9221037200550606950
-4982129444648367107
7687834871736510926
3283288292855705385
8503050673413206349
1148683579629423728
-7968329844630299904
-6502161908409914729
-8231236297320410573
-8459957809996149655
3172512257054632364
-4076005130118962710
8512232388693234175
1956589299909646546
3288454762841923872
-5172536662659579847
8397898398151606074
7731557238038475662
-1356878838733599554
7776308805919899853
43763020724393405
-4135593429084013071
-4151297416720030086
2837225225317925286
-3629758538358958789
-2885867107178663102
5658455353810703711
-7541551240749701642
-4836334701348460619
-2584175533087362240
6865345620655455242
8139873594388727971
2700266751970809859
-4139868086836487014
1236052126081537837
-1032136747331617079
-2818317462518998958
-527946912534153354
2053061638782217230
-4859525752582968778
5596305965230233761
-7366656278573076501
-103706849926756603
-8969813940325819411
7190804337754090819
5768222125294182534
-5866475131126969855
-6714720766302452060
5240468322699740511
1813450527924186313
-6581104274703496444
6182858880178880837
1956017401104544115
4888081353016306599
8276488925066986146
8353843357861419377
1214083580902554061
1793774550665945610
3956132598732769927
-5382082318986938888
822332432438773009
-7625700125518230194
-5087069606817076242
6228209456154118498
-5008693566985236810
-5050601342543430205
2696714365779590698
-7861045971253177239
-6564313066754167416
4729394240101417262
-2177647689048926943
-2942537549841631107
-5485490161350530520
7762581063645584712
4288276879905554379
-5073136118661801409
2744099416735180167
4546793230991710782
4564317514295645880
-4353522816502655994
2476780812762042223
1778023293660011823
6202059319357053575
-3221417657221613475
8955814667182730490
-4421188923743087951
-706132082272132496
7444252377536816258
-7004737698070843624
2713630016550414669
237367064924658363
8458646668166570729
-301556305905182450
-5156519988828529666
4742408971107226439
-8795275517270778440
-3348764890836289806
3347578277293624502
-7172805891952714236
-5904420006472375992
-8040325755688033232
-8454030944970723622
-3008955059742524039
-6187686090615034198
-5790593533858225656
-6375805088083623487
-6135190069407947969
-3791832230127165920
5129022511160540685
8755257738728741688
5550150395219574403
-6706644194558848609
6470088164680566951
-3582519005392797183
-6276965850053371256
6135365978587772756
5965270674881862546
1006794146971965519
-3552369685506716381
5217177214302477340
-2443617483201892259
-7997191806925007285
8089840167337964861
8252237633246907914
-1500126495138937108
8143083227797001363
7636978817728285013
-2268655103363838235
6760175232329866231
6280623462929442486
-1845545723908229637
3776701702295049895
-6223554362206228599
-5808342509803403847
-3922991529558274986
-4809223044602649089
6345216916274142081
-3228357996934952299
-5201363423357796193
9051005219078318288
4766496671075924500
3729932926709479606
4144940633702889636
-1364409264221558608
1888184785470725193
5118177635971963005
3743009106935228998
-9099972666246541462
-4947661619951792005
-27202047112814145
3277636493596150267
1620287972326930812
-7540157332214941477
-2026466349211683259
-7366998466007578292
1428115105839470745
-8819064528603778580
7809066234534669386
-5167457011042851496
-2873061467412322775
2855913768126580997
3364683986900216064
7406253572465689936
4464585974623839684
1355091092526924499
9032989502698359563
-6459077506546800391
5033918758057555899
-1129403015263325740
-7919716323312392956
8726397743358650157
-2715637945218352241
-3517401325831021348
859404377492588535
3152966524337323098
6649493845950120568
-720566332375091820
-8734597888533619227
1557267737319860481
2824219442360979935
-7145251172978958602
6233474653627323459
6252359834950377528
-8974131183967308316
1833642843671102419
-321145473810508167
2545595706183075369
-8157832317697727527
3636105055978945869
-4921626700648654747
-5170452942906491247
8786369600870313156
-9184228347494758051
-1896287637989314347
3234502198216477506
1993345147037220833
-105970669878472370
-6169416483005135856
-972336288958399839
4682893133841562910
3170288315432583232
2525121552905846350
-491951900798753240
5984483542664026014
8061380694289901990
1141397794001198651
2299803426279047397
-2077553458747275209
-4973241519490252856
1620779501524717432
-3741892633705531910
7917884227951267827
-4277849913406268862
-3682333655481330406
4762860306004416283
3321660911391165075
-7085305829354763133
-6344011039811763159
-6889774416348620013
2997307711824056583
-4568524246155424689
-354860811028115934
3082781741391162431
-5149689362746266633
4009927051059619902
-8001244451112838282
-1449696313973946607
-6217813996916795843
-1444033987585192390
775479411417347593
-8120853865408878450
-3624373466608005271
-5532473270430850555
2209290362289243060
-4721576381500519215
2533836353416478268
4282169452031534001
244825012517916867
4014945709140327814
1649251390326711085
-8746446041772267994
-3283290917876127113
5588747630269608047
5362297000811666151
4810164335820363167
7975092941933365637
8834955790827812323
2039438904416448713
-1435256948612002259
-8505618678642504555
4357739251084195658
-4804747478928473756
5955574153757901363
-5205142183365508412
8536591939557262754
-705586638094144255
-3614039757181325080
1715676705201620514
3683706384999004157
-2179423000124761575
2527561637816937688
542508283997267509
-5060688206042293759
-4085042146786916390
-1800934592775179677
8471677536668476020
-7803689668613887386
-1007082368434966359
-1517263851628999107
-1816484042128444211
5379370593133144443
-2780526962254529381
1894538155960996844
-542862368062837728
6962180921323960226
3460844513940685818
445898796324381773
3429053069781128898
4559591372884165584
8456202222070505926
4590308504086758416
3568700340617886971
-6664834507648087538
8660920611571799601
-8412788153370934729
1617677599198096264
6325027640618639866
-3517739574299068126
-1580498521835196773
7077586719688265241
-1844858966328631993
-5968618880183567181
8137529573817213031
6103253391379732948
5396854880425981496
-6945023889142267981
-1912300692322857829
-5861211939120281647
-8067592360736420311
-5383690657593446363
2713455827440970890
-4845107386865082469
-5315211952631350266
4883905933330529727
8038058577702024284
8522345813649953205
3772173293414279890
201488931139705964
-5107881034528269939
-4504771968204430829
-2078129093626378206
8946123538219620043
7695002180043155820
8936779226073473693
3026728595185058463
-2316135445185859411
-483583388316962915
-5080801934104543824
-3363063160585725816
2584420195077577115
975403815034449048
-4097317921625599844
-707735364831037907
-627116763683066035
2586420035976911911
-1763487673502231001
4026608139581023349
8732764529638297652
-3599571839746470932
7302480150520160520
6875489472287655769
-3232605049536233999
949896768087081433
-8009671008356161939
7944808907311574119
-3434712724847112229
-8332939428920954187
8619140904669485173
4082231041013557568
5324406017859483006
-2510612492912703330
-6155268925183946569
7901542407422675482
-3928608181991487209
4256558045813897602
3636218032057322170
3845155874349912126
1412783272279454233
-4311087722516681308
-1789606827856695686
6639488518528647307
7141746793532610474
-8645445495833283042
-4992975284742411542
6331281921799324145
-21449047714307290
5181578336921604953
3224397788244254828
5936103508409764855
-9108866089266933093
5031329231384562582
561481795621641050
-3836724824190999242
-8895470107982193844
704072211239539048
-4782802918727278975
5550358296115081692
-4251863213559587793
-7541514176017941960
3789479663995043233
3926253271480504874
-6785666977650155409
2856633209612240064
-7227669228254836754
8844937183516905718
-4162002816528010774
2162292270231400336
