-8998636442698486727
-8934797271583734358
-8814143628047449199
-8771070704608493051
-8710806035573444990
-8506089254107214400
-8462802277255800573
-8236518619457582203
-8197670523566670257
-7905607074520821422
-7903010408326232639
-7733661293178416890
-7268740028793711696
-7187915393355783020
-6857426800175441963
-6709385410725580045
-6684295608198971250
-6435575283624997612
-6396968916695093532
-6069994582291823086
-5955325821923472784
-5921060124734309480
-5780968757308894744
-5758789671544643668
-5639738939471257852
-5111785629721035772
-4606834849874875134
-4561530100298214276
-4397725398281724714
-4283586992797123210
-3886148281375732668
-3744488259521811099
-3722965130155194554
-3654708877882066874
-3632186119928117605
-3624009394633441780
-3300977696899442220
-2690941714251508532
-2435091299424267089
-2308681843477525373
-2196966382663933719
-2098486239617898453
-1750305983821759138
-1466772064128334811
-1312115660950967904
-1162043722659248494
-1113872326737470080
-884991347668397066
-672186150712373128
-647436509044914718
-628559191922742007
-382445608460334716
-286760960313796830
-66251799522707014
60686267980807534
381847981703174796
656850784707003707
1043320110400971279
1051823911859573300
1121395574714001461
1711203140440443378
1979293210514691912
1987764039600523060
2006947628913002395
2129429242126472865
2550508351737185363
2954318390693637077
2960629918811334209
3470066971254012806
3606508313204039257
3685813302399435140
3754752206345546625
3901453657499445353
4154304521507636222
4242749583939524858
4255253495336569849
4865855220621449812
4882794093700791440
4965811169731032012
5282565389920835369
5587309014977753494
5707702264018421237
5777950840757909824
5842445860245017374
5964662273152123591
6082804396030956931
6401205689949241429
6423205299971395682
6766789179061761646
6828086190235785805
7412821922123897966
7699374203695370560
7892178540449158732
7901293436456285233
8212220770915836279
8402079702534913101
8419306973270657735
8640854491239432375
8791252351067205218
8919639765672171329
