-9222679522121517365
-9221037200550606950
-9207918175144213164
-9184228347494758051
-9170575101010496739
-9141686169097895052
-9115548987496243327
-9108866089266933093
-9099972666246541462
-9079531806274985869
-9068346577993796586
-9046283897965074801
-9034438441071081129
-9031605546735158087
-8999849083079506434
-8994821184518864526
-8986426168988230018
-8982787196345156355
-8974131183967308316
-8969813940325819411
-8932307737156686979
-8930358562489593626
-8928546376994055173
-8895470107982193844
-8868901441066418816
-8858105332500492322
-8855770964770193658
-8846372105860065345
-8843336818762907879
-8836598780320370265
-8819064528603778580
-8795275517270778440
-8772743136176106669
-8768866793006597285
-8746446041772267994
-8734597888533619227
-8685388564390213291
-8649574979557500324
-8645445495833283042
-8627030198871492508
-8580753093904949177
-8556328999810266735
-8553939703233213042
-8537599199267161040
-8505618678642504555
-8478091997287341166
-8474538236330794134
-8470959243613122141
-8459957809996149655
-8454030944970723622
-8448377344671576756
-8420996249110638490
-8412788153370934729
-8332939428920954187
-8324790911711607203
-8301254543145827738
-8275020740311244223
-8231236297320410573
-8186258898348224644
-8157832317697727527
-8125373914523589522
-8120853865408878450
-8087099595301360787
-8083235488744372647
-8072832984253897390
-8067592360736420311
-8040325755688033232
-8029637356235056491
-8018503948274285976
-8009671008356161939
-8001244451112838282
-7997191806925007285
-7968329844630299904
-7919716323312392956
-7890707340864833525
-7861045971253177239
-7816177261784321824
-7803689668613887386
-7768553907574429014
-7756301601169383568
-7667772993644817271
-7625700125518230194
-7624156472426654676
-7579069742399197928
-7542974609387189355
-7541551240749701642
-7541514176017941960
-7540157332214941477
-7539186614295539194
-7515280620016724900
-7490774581268437619
-7489979479865985581
-7464730793023217413
-7460914877330329817
-7425590914440729973
-7416631132816624914
-7410520136650132020
-7409107346233638822
-7382187192708194182
-7368099574743391303
-7366998466007578292
-7366656278573076501
-7346532435147840986
-7334236223630624968
-7308397097432849204
-7287524110271424670
-7285609660015286916
-7280536451764183520
-7242004515073827430
-7227669228254836754
-7187780025346370364
-7172805891952714236
-7166660535219153474
-7151734697082016830
-7151269319782883671
-7146731291692294056
-7145251172978958602
-7100542556907527849
-7097361151930876279
-7085305829354763133
-7046523454464317596
-7045501329057480976
-7041530267884378360
-7004737698070843624
-7004278932783348278
-6977226803177779796
-6969187444710817573
-6945023889142267981
-6889774416348620013
-6813272458825677511
-6785666977650155409
-6779484955043061794
-6747150990240874321
-6747075088100684271
-6716479069194165295
-6714720766302452060
-6706644194558848609
-6664834507648087538
-6652155114171123774
-6649933584089737872
-6623450043371340601
-6589693260322394973
-6581104274703496444
-6564313066754167416
-6502161908409914729
-6459077506546800391
-6440908222260131986
-6423264292370771545
-6390445755868505920
-6375805088083623487
-6344518560333279306
-6344011039811763159
-6339181321824636518
-6326870999867519971
-6309572518158755435
-6302737249125257557
-6279712947723139351
-6276965850053371256
-6266328532305828641
-6235167854722045631
-6223554362206228599
-6217813996916795843
-6217008416071388042
-6216703119847833865
-6202383953245587075
-6187686090615034198
-6169416483005135856
-6166602561174000154
-6155268925183946569
-6135190069407947969
-6130664849709355471
-6099983237071795506
-6051303993427824271
-5986460112187227028
-5975889244804416802
-5970611000900808050
-5968618880183567181
-5962473881645596405
-5904420006472375992
-5903655073448644731
-5880497226001260870
-5866475131126969855
-5861211939120281647
-5847437849588417719
-5837170035552087151
-5808342509803403847
-5790593533858225656
-5720768099374878171
-5641551847227950685
-5609669850889257609
-5587918109127365607
-5532473270430850555
-5520878191215386096
-5511747340187069779
-5509458650597611645
-5485490161350530520
-5483639364950072107
-5478012786095762840
-5475857454262216088
-5461413860690806593
-5439013944792028343
-5385276118510282815
-5383690657593446363
-5382082318986938888
-5358961920847321944
-5315211952631350266
-5286133562551838656
-5258098507299603473
-5220464642138943363
-5205142183365508412
-5201363423357796193
-5172536662659579847
-5170452942906491247
-5167457011042851496
-5156519988828529666
-5149689362746266633
-5110281634284839795
-5107881034528269939
-5087069606817076242
-5080801934104543824
-5079407722010020120
-5073136118661801409
-5060688206042293759
-5055084811761896382
-5050601342543430205
-5008693566985236810
-4992975284742411542
-4982129444648367107
-4973241519490252856
-4965017023685162994
-4960638899719564356
-4958451663155326404
-4947661619951792005
-4941139418622055001
-4921626700648654747
-4863177906898219159
-4862831081839470607
-4859525752582968778
-4846874093286567612
-4845107386865082469
-4836334701348460619
-4809223044602649089
-4805577259781352504
-4804747478928473756
-4783824491006774381
-4782802918727278975
-4778788963453136750
-4774609320472031921
-4767586794338526038
-4753931989862879754
-4750024890833600110
-4726582803884255023
-4722029788981118924
-4721576381500519215
-4678806561682353997
-4657031058406759043
-4635482009220380433
-4599929703992994394
-4594983904754257181
-4592544859640012581
-4568524246155424689
-4504771968204430829
-4461243971346083169
-4443020016588248006
-4421188923743087951
-4390665730302216205
-4368378865602072218
-4353522816502655994
-4342537858503354613
-4324179495901158972
-4311087722516681308
-4277849913406268862
-4262362308988818191
-4252169419886603047
-4251863213559587793
-4241760447547789754
-4162002816528010774
-4151297416720030086
-4139868086836487014
-4136250353197567156
-4135593429084013071
-4124077384699093321
-4119501949164282216
-4101491538655592755
-4097317921625599844
-4085042146786916390
-4076005130118962710
-4069649313234237934
-4059574288905360859
-3979807632445394605
-3975217845711270780
-3943020111515437412
-3930468667957231519
-3928608181991487209
-3922991529558274986
-3895735920821445249
-3856488368994857493
-3836724824190999242
-3824860279029883684
-3810629571709940307
-3794318506138158524
-3791954619808304682
-3791832230127165920
-3769071524772613364
-3761564918751211245
-3741892633705531910
-3733747376429936195
-3682333655481330406
-3629758538358958789
-3624373466608005271
-3614039757181325080
-3599571839746470932
-3583121271532291800
-3582519005392797183
-3580019454390683984
-3572178166969497898
-3566303786288446268
-3552369685506716381
-3517739574299068126
-3517401325831021348
-3516598920639003397
-3504386332642363322
-3450462823695456195
-3434712724847112229
-3427205828853554836
-3390017755155247952
-3386760556764667530
-3385530577106944416
-3369713940105890481
-3363063160585725816
-3353149822399382906
-3351393152548981822
-3348764890836289806
-3307665955447997112
-3283290917876127113
-3264690172521996551
-3238706079389629729
-3232605049536233999
-3228357996934952299
-3221417657221613475
-3214075969695538735
-3145347830246166943
-3110636555613334850
-3034053350493839942
-3008955059742524039
-2967564391125669610
-2959523988340877183
-2942537549841631107
-2925582555764535974
-2895699990284792725
-2888784549975281245
-2885867107178663102
-2877339803041828606
-2875096811012875388
-2873061467412322775
-2869241557284219969
-2867621459892303962
-2818317462518998958
-2803001370060783688
-2780526962254529381
-2761899239567211440
-2760177231760887053
-2745584959500065410
-2730322922414873612
-2727806911011263047
-2727036483629024722
-2715637945218352241
-2692154522180898455
-2671177185180508953
-2659223033476605343
-2646408997612488397
-2584175533087362240
-2576105077335015105
-2570391530046821186
-2565178256938671576
-2510612492912703330
-2500645650093787931
-2482562960386195254
-2446064206527108908
-2444387981290518514
-2443617483201892259
-2426253164597542425
-2372294465998197173
-2371620803171406799
-2335975315784155820
-2316135445185859411
-2311295727505742129
-2275787572986818135
-2268655103363838235
-2253705292053225033
-2212438813780294023
-2202087472035134837
-2194886714433905196
-2183219960456350081
-2179423000124761575
-2177647689048926943
-2162079205850075514
-2103282205322197490
-2097057680872276168
-2085805676116456277
-2082036115656408854
-2078129093626378206
-2077553458747275209
-2053534821405210906
-2026466349211683259
-2014336370983198224
-2003249191122925786
-1987913859702297865
-1955526242463929569
-1941973122270909989
-1932416177741445159
-1931996717845768906
-1920576791037980908
-1918579773768097456
-1912300692322857829
-1896287637989314347
-1873904289955640716
-1872516435084442702
-1845545723908229637
-1844858966328631993
-1844844446920473113
-1816484042128444211
-1800934592775179677
-1789606827856695686
-1776394975683607902
-1763487673502231001
-1761847682025344020
-1702473211248054328
-1697022506270946554
-1690052468191872097
-1606450137408293539
-1601947880452309274
-1587389191447923632
-1580498521835196773
-1561832730515578582
-1551458500362597405
-1548589813590243656
-1517263851628999107
-1510995228835899366
-1500126495138937108
-1449696313973946607
-1444033987585192390
-1435256948612002259
-1425756874883611102
-1364409264221558608
-1356878838733599554
-1299847145761975555
-1293487139036457587
-1253503773946859252
-1226926452502068659
-1204250167254798693
-1140602406251756774
-1129403015263325740
-1091217303191001308
-1032136747331617079
-1021111043396738305
-1007082368434966359
-1000608307697265825
-998536391052815580
-992433529706796127
-972336288958399839
-969422337432689779
-956910170851640030
-924482590563121587
-919953968849924626
-915749109355140505
-912396230531405240
-886700053751490820
-860483529721298336
-803688141716628568
-796441543873063035
-749972317707871207
-742115870421119935
-720566332375091820
-707735364831037907
-706132082272132496
-705586638094144255
-650297196526082653
-627116763683066035
-612970579126159597
-583708152990799936
-559961272077523573
-542862368062837728
-531287728202374067
-527946912534153354
-502490858276399632
-491951900798753240
-485664989172994733
-483583388316962915
-469899536199042991
-373172995462529042
-370207603703896131
-364226367857217908
-362043419057946822
-354860811028115934
-321145473810508167
-301556305905182450
-197626348027742600
-192959820737495922
-176213585867177501
-111746967818017941
-105970669878472370
-103706849926756603
-76623308497212836
-27202047112814145
-21449047714307290
514625884825139
43763020724393405
53264852104825165
68995929362389664
150712833230806973
151067321891640841
192447727593125549
201488931139705964
236404444456235136
237367064924658363
244825012517916867
287595132325375831
295612471530406457
315865677724330742
340022231909108741
353823757512494073
366650676724287159
381711838807511359
431025721482133575
435686353443252307
437605837953059245
445898796324381773
514182546701084625
539126997296610553
542508283997267509
561481795621641050
564007524736737674
573990957421501591
585668907596671237
628019693385837078
634734524526974205
677748434685829965
694209254397015500
697158139101865921
704072211239539048
775479411417347593
787429041555687585
793180640276734704
802705909703426642
822332432438773009
833558888113234963
833932442852166688
859404377492588535
863779951786749787
871140227327973920
884336282504843740
905995183884823504
936899613346448560
949896768087081433
975403815034449048
1006185753789193517
1006794146971965519
1014543544642305743
1054602841972757407
1083570375581042725
1126373595885805450
1131184848073125796
1141397794001198651
1148683579629423728
1214083580902554061
1234059092956990125
1236052126081537837
1246465041357845513
1288925802730425431
1342524879867000594
1352459029342978735
1355091092526924499
1368798560925029400
1412783272279454233
1428115105839470745
1489044553742352423
1511089746730005210
1521928211386569270
1521990639040702600
1534508779326699559
1547661242831022084
1557267737319860481
1566074039608090182
1576354173949282857
1611705641384078843
1617677599198096264
1620287972326930812
1620779501524717432
1649251390326711085
1671540371444036627
1673396008431804512
1705173794040031993
1715676705201620514
1740021261837852383
1757775040838975287
1778023293660011823
1793774550665945610
1813450527924186313
1827888886430040988
1833642843671102419
1836728314963249968
1879195742226353496
1888184785470725193
1894538155960996844
1941559147955771264
1956017401104544115
1956589299909646546
1960399855886483815
1970996575918849344
1974199436389135295
1991621540439103878
1993345147037220833
2039438904416448713
2053061638782217230
2082309664573206246
2083197115777415882
2112775041446980512
2122838806610726794
2142826503731238083
2147103688053409046
2162292270231400336
2187025701033728422
2189191653921229102
2209290362289243060
2242044848883007605
2242689980399848893
2254748096442912802
2269807199543567987
2286934424925364439
2299803426279047397
2306040732538693333
2346576288484044998
2353571948727413304
2373628318077022777
2418693102092342272
2422317521540176647
2465096212427316733
2468229713942853768
2476780812762042223
2490895334669205501
2525121552905846350
2527561637816937688
2533836353416478268
2545595706183075369
2572987135611333030
2579901500493692653
2584420195077577115
2586420035976911911
2618322267878547113
2696714365779590698
2700266751970809859
2710673807496646410
2713455827440970890
2713630016550414669
2713640880856030921
2742003148530563767
2743779735927864102
2744099416735180167
2768659116549906522
2782035502117055580
2816835018818766321
2824219442360979935
2837225225317925286
2842141106536624432
2855913768126580997
2856633209612240064
2898174395412145588
2936209977118203755
2993277858142528117
2997307711824056583
3009055761382635455
3026728595185058463
3059476295539049763
3072511528697533169
3081508220768399905
3082781741391162431
3090725411987649334
3105768155346761689
3134727718558105162
3152966524337323098
3170288315432583232
3172512257054632364
3188801999696637410
3214798788307471897
3224397788244254828
3233954157131732609
3234502198216477506
3263365961061314738
3277636493596150267
3277813809687814022
3283288292855705385
3288454762841923872
3321660911391165075
3324432369927591254
3335592149628583110
3347578277293624502
3355728306157165359
3364683986900216064
3429053069781128898
3460844513940685818
3463087427349058176
3486390173813213246
3514515254366231382
3531832561790003599
3562359188915118452
3568700340617886971
3610042980925062295
3636105055978945869
3636218032057322170
3666384250549059681
3668902682659068606
3683706384999004157
3729932926709479606
3743009106935228998
3746184286149660875
3749691087910135098
3772173293414279890
3773565772320916180
3776701702295049895
3778486942984444054
3786007188375348985
3789479663995043233
3845155874349912126
3850189301992097661
3862753508609889808
3880889516752165076
3903816100560071633
3926253271480504874
3954682750470660915
3956132598732769927
3983331599290480603
3988588790551881722
4009927051059619902
4014945709140327814
4026608139581023349
4044613337570199993
4082231041013557568
4087139909960275137
4097379508634412003
4097791391952916181
4124594206099200233
4130072679172426497
4139237452317996005
4144940633702889636
4166487480667227536
4186131833369716968
4215481474945803518
4249765668650326433
4256558045813897602
4259346380482734294
4276135358053296313
4282169452031534001
4283944780599532975
4288276879905554379
4307500383117739452
4355375229838405232
4357739251084195658
4464585974623839684
4487148411093455356
4495453627978100259
4546793230991710782
4559591372884165584
4564317514295645880
4583644052795106570
4590308504086758416
4593420899283518645
4682893133841562910
4712504741011540172
4729394240101417262
4742408971107226439
4762860306004416283
4766496671075924500
4779158235758337253
4788473266644414912
4810164335820363167
4883905933330529727
4888081353016306599
4962214371596984617
4967233558995661886
4967256134627659724
5031329231384562582
5033918758057555899
5034993740537123011
5045001986983096559
5084730522813570481
5087585256839096815
5094430550178712967
5118177635971963005
5129022511160540685
5134665727211958134
5157468695277136574
5181578336921604953
5217177214302477340
5240468322699740511
5252712176117940090
5256489296795696008
5280091525187419308
5317437183790744632
5324406017859483006
5333190310169434937
5362297000811666151
5363567195502662626
5379335823644204275
5379370593133144443
5396854880425981496
5460540442449698483
5507393034615440088
5550150395219574403
5550358296115081692
5552397711676743134
5561221678222598594
5588747630269608047
5596305965230233761
5612455982819105956
5658455353810703711
5666007400949662171
5706712716630431652
5725763214356155185
5737029644965168793
5768222125294182534
5810136286538226676
5851130111045801558
5885721842302354170
5936103508409764855
5946537528542834165
5953708967114916833
5955574153757901363
5965270674881862546
5984483542664026014
6004007468185410831
6040719119057975639
6059193322375738563
6103253391379732948
6135365978587772756
6182858880178880837
6202059319357053575
6228209456154118498
6233474653627323459
6237248467064785963
6252359834950377528
6280623462929442486
6283604481268866284
6295677474649277935
6320223991641550954
6325027640618639866
6331281921799324145
6345216916274142081
6351351104688195111
6353113239630883724
6374696973168251110
6423433198692128175
6428919514205544566
6434211379384344436
6447545810395210569
6470088164680566951
6615119712407186036
6627157604159497204
6631140111421934490
6638103806102513026
6639488518528647307
6649493845950120568
6660828616189312434
6678962137761620492
6679579210300394784
6701580777040176640
6703715944757856801
6714015858934026562
6725773045101409277
6728609120688265350
6757230369570979241
6760175232329866231
6808271112681322574
6817652883671499486
6865345620655455242
6875489472287655769
6962180921323960226
6976787762758552678
6981135335985362430
6987010865240862166
7006376913968192953
7068697721597310929
7077586719688265241
7091239023192176729
7141746793532610474
7149543131405907734
7161412742720964276
7168625029902446560
7190804337754090819
7198161042878751028
7207267688028328181
7210450512798858799
7222885945167803040
7224665653354680890
7237251669555010237
7276967223377933154
7279487693929104450
7280548070435389700
7302480150520160520
7361137680235304732
7387927652020169284
7406253572465689936
7444252377536816258
7451551262395002990
7456248238378434663
7464402476846121135
7522017158243130775
7558251129899066437
7577990236175310797
7593815569036310654
7636978817728285013
7687834871736510926
7695002180043155820
7730588073341480411
7731557238038475662
7748675078612396462
7762371896807044734
7762581063645584712
7776308805919899853
7781215997257528391
7809066234534669386
7821923512914758466
7842134946102122940
7901542407422675482
7917884227951267827
7944808907311574119
7975092941933365637
7981188496264792599
7985596097723339991
8003785039517387651
8038058577702024284
8050173786789577568
8061380694289901990
8064011960196070785
8070460839222694993
8089840167337964861
8115315725293526881
8127630285356035820
8137529573817213031
8139873594388727971
8143083227797001363
8164629848056897982
8199681953682187258
8202871186031490884
8235962912868184003
8252237633246907914
8265480325511340886
8276488925066986146
8315743698213714848
8322919703168763430
8346406511574274122
8353843357861419377
8368401297933824591
8376594388808377942
8397898398151606074
8456202222070505926
8458646668166570729
8468013491763206961
8471677536668476020
8503050673413206349
8512232388693234175
8522345813649953205
8536591939557262754
8605460343497434616
8619140904669485173
8642144068866475394
8660920611571799601
8671391348076022284
8693640152618961552
8704577126286833449
8709300549719718370
8726397743358650157
8732764529638297652
8743080563831358055
8745391281519691172
8755257738728741688
8757743836374531853
8780988712169796114
8786369600870313156
8821755483822079509
8834955790827812323
8844937183516905718
8851447959044872368
8903906418867198282
8914281138545505858
8922214301168026640
8936779226073473693
8942361044233998495
8946123538219620043
8953442634931042333
8955814667182730490
8971731243735409807
8992287910601224948
9014217142258645372
9032989502698359563
9051005219078318288
9082195472427867524
9082513625663864779
9125091762590900380
9183304604720964367
